  1.0000000E+00  -4.2958499E-01   6.0344291E-01  -7.3163344E-02   1.9492617E-01  -3.0198831E-01   1.1850632E-01  -4.0721670E-02   2.7140594E-01  -6.1430170E-02  -9.5625160E-02  -7.2895340E-02   6.2382499E-03   5.1842544E-01  -1.2241799E-01  -6.7815758E-02  -5.9165141E-01  -8.2805666E-02  -8.2805666E-02  -1.5718004E-01  -1.0294639E-01  -2.5392949E-01  -4.7931107E-02  -1.5438953E-01   2.6883011E-01   4.9276848E-01   1.4782484E-01  -2.8549554E-01  -5.9165141E-01
 -4.2958499E-01   1.0000000E+00  -8.9882615E-01   3.4028546E-01  -4.6782633E-01   1.1340375E-01   4.2542161E-02   7.7670091E-02  -2.5183478E-01   1.5085057E-01   6.0132138E-02   3.4063158E-01  -4.0651309E-03  -9.5609680E-01   4.1979146E-01   2.0285425E-01   8.2770275E-01   2.9987673E-01   2.9987673E-01   3.3506801E-01   4.5426519E-01   1.6125107E-01   1.5839700E-01   5.2495898E-01  -3.4202227E-01  -9.5106169E-01  -8.7026516E-02   6.8922909E-01   8.2770275E-01
  6.0344291E-01  -8.9882615E-01   1.0000000E+00  -2.6310752E-01   4.4129138E-01  -1.5232490E-01  -7.6902734E-03  -7.2019585E-02   2.7691976E-01  -1.4010490E-01  -5.6382924E-02  -2.6325090E-01   2.2699297E-03   9.8588436E-01  -5.7541694E-01  -4.3951755E-01  -9.8209436E-01  -2.2859109E-01  -2.2859109E-01  -5.6711476E-01  -3.7443595E-01  -1.7667446E-01  -4.0348178E-01  -4.7130184E-01   2.1310020E-01   9.7975307E-01  -4.7669243E-02  -8.2340236E-01  -9.8209436E-01
 -7.3163344E-02   3.4028546E-01  -2.6310752E-01   1.0000000E+00  -3.0070362E-01   5.9861378E-01   6.1134371E-01  -8.9728535E-02  -1.5340735E-02   2.4057865E-01   7.3617187E-02   9.9999035E-01   1.4319817E-01  -2.9805895E-01   1.2571159E-01   2.4314741E-02   2.2546620E-01   1.8173629E-01   1.8173629E-01   6.7502336E-02   3.8329909E-01   6.4412137E-01  -2.4150144E-02   1.8535885E-01  -1.5004050E-01  -3.0060879E-01   3.8506387E-02   1.8864853E-01   2.2546620E-01
  1.9492617E-01  -4.6782633E-01   4.4129138E-01  -3.0070362E-01   1.0000000E+00  -5.8675198E-03  -1.8089603E-01   5.4968691E-02   2.0209297E-01  -1.7641511E-01  -9.9072061E-02  -3.0059847E-01  -1.6867692E-01   4.6212756E-01  -1.8366856E-01  -7.5709750E-02  -4.0918789E-01  -2.4432817E-01  -2.4432817E-01  -1.4309076E-01  -9.7280276E-01  -1.1846779E-01  -3.1275723E-02  -4.7786903E-02   1.8102455E-01   4.6732632E-01   8.7869652E-02  -3.2840020E-01  -4.0918789E-01
 -3.0198831E-01   1.1340375E-01  -1.5232490E-01   5.9861378E-01  -5.8675198E-03   1.0000000E+00  -1.4743326E-01  -1.7827528E-01   6.3556231E-02   3.2502792E-01   1.2968654E-01   5.9857086E-01   2.4687073E-01  -1.2915235E-01   1.0992778E-02  -1.1834989E-03   1.4373223E-01  -9.1121776E-02  -9.1121776E-02   2.1797953E-02   6.6338057E-02   9.8016302E-01  -4.2390197E-02  -3.4451903E-03  -1.0883904E-01  -1.2291566E-01  -3.9183626E-03   3.8831574E-02   1.4373223E-01
  1.1850632E-01   4.2542161E-02  -7.6902734E-03   6.1134371E-01  -1.8089603E-01  -1.4743326E-01   1.0000000E+00   4.7910842E-02  -3.1609981E-02  -5.2906914E-02  -5.9639519E-02   6.1107632E-01  -7.5706261E-02  -2.6156310E-02   4.5572981E-02  -1.2545332E-02  -2.6686538E-03   2.5542284E-01   2.5542284E-01  -5.4557722E-03   1.6635687E-01  -1.1203043E-01  -1.7445089E-02   5.7216898E-02  -7.8570861E-03  -3.2388423E-02   7.4200691E-02   3.3016009E-02  -2.6686538E-03
 -4.0721670E-02   7.7670091E-02  -7.2019585E-02  -8.9728535E-02   5.4968691E-02  -1.7827528E-01   4.7910842E-02   1.0000000E+00  -1.5526594E-01  -4.8962045E-02   3.1390152E-01  -9.0737667E-02  -8.6977087E-02  -7.2581807E-02  -7.1818412E-02  -1.7615915E-02   4.8183115E-02  -3.7934023E-02  -3.7934023E-02  -1.5070792E-02  -7.7002159E-02  -1.6886461E-01  -5.6617515E-03  -5.6612562E-02  -1.6071843E-01  -8.7541695E-02  -1.4936450E-01  -1.1915841E-02   4.8183115E-02
  2.7140594E-01  -2.5183478E-01   2.7691976E-01  -1.5340735E-02   2.0209297E-01   6.3556231E-02  -3.1609981E-02  -1.5526594E-01   1.0000000E+00  -3.6769052E-01  -3.5187432E-01  -1.6279469E-02  -4.0501889E-01   2.6609477E-01  -3.9260447E-02  -1.6994146E-02  -2.5506492E-01  -1.3768318E-02  -1.3768318E-02  -5.6343431E-02  -1.6473381E-01   1.1386023E-02  -5.8261475E-03  -1.2110080E-01   1.7909654E-01   2.7013077E-01   1.2226810E-01  -1.3936561E-01  -2.5506492E-01
 -6.1430170E-02   1.5085057E-01  -1.4010490E-01   2.4057865E-01  -1.7641511E-01   3.2502792E-01  -5.2906914E-02  -4.8962045E-02  -3.6769052E-01   1.0000000E+00   4.2512656E-01   2.4209398E-01   8.7325728E-01  -1.4536813E-01  -1.9840182E-02   8.1193001E-03   1.1532775E-01   2.7388023E-02   2.7388023E-02   2.1624243E-02   1.9467920E-01   3.9289387E-01  -1.7224611E-02   5.0064844E-02  -1.6725705E-01  -1.5973997E-01  -1.0890761E-01   4.7059315E-02   1.1532775E-01
 -9.5625160E-02   6.0132138E-02  -5.6382924E-02   7.3617187E-02  -9.9072061E-02   1.2968654E-01  -5.9639519E-02   3.1390152E-01  -3.5187432E-01   4.2512656E-01   1.0000000E+00   7.4539495E-02   3.5538238E-01  -5.3312999E-02  -6.5553109E-02  -4.5577144E-02   3.8586966E-02  -5.5822532E-02  -5.5822532E-02  -3.8435023E-02   1.0767367E-01   1.4171231E-01  -5.8459307E-02   5.3021737E-02  -1.2494137E-01  -5.8865998E-02  -1.0588732E-01  -2.5430119E-02   3.8586966E-02
 -7.2895340E-02   3.4063158E-01  -2.6325090E-01   9.9999035E-01  -3.0059847E-01   5.9857086E-01   6.1107632E-01  -9.0737667E-02  -1.6279469E-02   2.4209398E-01   7.4539495E-02   1.0000000E+00   1.4445655E-01  -2.9829943E-01   1.2598588E-01   2.4324861E-02   2.2558538E-01   1.8289093E-01   1.8289093E-01   6.7559048E-02   3.8334473E-01   6.4420092E-01  -2.4225422E-02   1.8719983E-01  -1.4987458E-01  -3.0081733E-01   3.8739671E-02   1.8891702E-01   2.2558538E-01
  6.2382499E-03  -4.0651309E-03   2.2699297E-03   1.4319817E-01  -1.6867692E-01   2.4687073E-01  -7.5706261E-02  -8.6977087E-02  -4.0501889E-01   8.7325728E-01   3.5538238E-01   1.4445655E-01   1.0000000E+00   4.7324547E-03  -7.9378280E-02  -2.8500010E-02  -1.5773544E-02  -1.2557788E-01  -1.2557788E-01  -3.4302814E-02   1.8265734E-01   3.1689383E-01  -4.7797323E-02  -2.0944712E-02  -1.0226528E-01  -8.0132416E-03  -9.1614819E-02  -5.5814467E-02  -1.5773544E-02
  5.1842544E-01  -9.5609680E-01   9.8588436E-01  -2.9805895E-01   4.6212756E-01  -1.2915235E-01  -2.6156310E-02  -7.2581807E-02   2.6609477E-01  -1.4536813E-01  -5.3312999E-02  -2.9829943E-01   4.7324547E-03   1.0000000E+00  -5.6219925E-01  -3.9049596E-01  -9.5275320E-01  -2.5877486E-01  -2.5877486E-01  -5.2157141E-01  -4.1504572E-01  -1.6519505E-01  -3.5056839E-01  -5.1701825E-01   2.3450683E-01   9.9341410E-01  -3.1864951E-02  -8.1667408E-01  -9.5275320E-01
 -1.2241799E-01   4.1979146E-01  -5.7541694E-01   1.2571159E-01  -1.8366856E-01   1.0992778E-02   4.5572981E-02  -7.1818412E-02  -3.9260447E-02  -1.9840182E-02  -6.5553109E-02   1.2598588E-01  -7.9378280E-02  -5.6219925E-01   1.0000000E+00   8.2510863E-01   7.0059389E-01   5.0897151E-02   5.0897151E-02   8.8447636E-01   1.5055207E-01   1.8751924E-02   8.0169438E-01   6.5953647E-01   6.6137281E-01  -4.9289611E-01   8.3474175E-01   9.3322546E-01   7.0059389E-01
 -6.7815758E-02   2.0285425E-01  -4.3951755E-01   2.4314741E-02  -7.5709750E-02  -1.1834989E-03  -1.2545332E-02  -1.7615915E-02  -1.6994146E-02   8.1193001E-03  -4.5577144E-02   2.4324861E-02  -2.8500010E-02  -3.9049596E-01   8.2510863E-01   1.0000000E+00   5.6668866E-01  -5.0570460E-02  -5.0570460E-02   9.8639548E-01   3.4767922E-02   2.8468902E-03   9.9719240E-01   3.6764899E-01   5.5257692E-01  -3.5055056E-01   6.9380441E-01   7.5773226E-01   5.6668866E-01
 -5.9165141E-01   8.2770275E-01  -9.8209436E-01   2.2546620E-01  -4.0918789E-01   1.4373223E-01  -2.6686538E-03   4.8183115E-02  -2.5506492E-01   1.1532775E-01   3.8586966E-02   2.2558538E-01  -1.5773544E-02  -9.5275320E-01   7.0059389E-01   5.6668866E-01   1.0000000E+00   1.8948788E-01   1.8948788E-01   6.8670841E-01   3.3416780E-01   1.6056003E-01   5.3302020E-01   5.1138169E-01  -3.9088145E-02  -9.3335127E-01   2.1515396E-01   8.9716899E-01   1.0000000E+00
 -8.2805666E-02   2.9987673E-01  -2.2859109E-01   1.8173629E-01  -2.4432817E-01  -9.1121776E-02   2.5542284E-01  -3.7934023E-02  -1.3768318E-02   2.7388023E-02  -5.5822532E-02   1.8289093E-01  -1.2557788E-01  -2.5877486E-01   5.0897151E-02  -5.0570460E-02   1.8948788E-01   1.0000000E+00   1.0000000E+00  -6.8534525E-03   2.4559284E-01  -5.8393514E-02  -6.5979971E-02   1.6392566E-01  -1.6135044E-01  -2.6399346E-01  -9.1677067E-02   1.4081803E-01   1.8948788E-01
 -8.2805666E-02   2.9987673E-01  -2.2859109E-01   1.8173629E-01  -2.4432817E-01  -9.1121776E-02   2.5542284E-01  -3.7934023E-02  -1.3768318E-02   2.7388023E-02  -5.5822532E-02   1.8289093E-01  -1.2557788E-01  -2.5877486E-01   5.0897151E-02  -5.0570460E-02   1.8948788E-01   1.0000000E+00   1.0000000E+00  -6.8534525E-03   2.4559284E-01  -5.8393514E-02  -6.5979971E-02   1.6392566E-01  -1.6135044E-01  -2.6399346E-01  -9.1677067E-02   1.4081803E-01   1.8948788E-01
 -1.5718004E-01   3.3506801E-01  -5.6711476E-01   6.7502336E-02  -1.4309076E-01   2.1797953E-02  -5.4557722E-03  -1.5070792E-02  -5.6343431E-02   2.1624243E-02  -3.8435023E-02   6.7559048E-02  -3.4302814E-02  -5.2157141E-01   8.8447636E-01   9.8639548E-01   6.8670841E-01  -6.8534525E-03  -6.8534525E-03   1.0000000E+00   9.5019513E-02   2.8447498E-02   9.7646261E-01   4.4786431E-01   5.1528071E-01  -4.7858965E-01   6.8703428E-01   8.5192512E-01   6.8670841E-01
 -1.0294639E-01   4.5426519E-01  -3.7443595E-01   3.8329909E-01  -9.7280276E-01   6.6338057E-02   1.6635687E-01  -7.7002159E-02  -1.6473381E-01   1.9467920E-01   1.0767367E-01   3.8334473E-01   1.8265734E-01  -4.1504572E-01   1.5055207E-01   3.4767922E-02   3.3416780E-01   2.4559284E-01   2.4559284E-01   9.5019513E-02   1.0000000E+00   1.8589409E-01  -1.5600107E-02   8.3939031E-02  -1.7556818E-01  -4.1946522E-01  -8.3299066E-02   2.8028295E-01   3.3416780E-01
 -2.5392949E-01   1.6125107E-01  -1.7667446E-01   6.4412137E-01  -1.1846779E-01   9.8016302E-01  -1.1203043E-01  -1.6886461E-01   1.1386023E-02   3.9289387E-01   1.4171231E-01   6.4420092E-01   3.1689383E-01  -1.6519505E-01   1.8751924E-02   2.8468902E-03   1.6056003E-01  -5.8393514E-02  -5.8393514E-02   2.8447498E-02   1.8589409E-01   1.0000000E+00  -4.3677092E-02  -7.3934945E-03  -1.3498926E-01  -1.6317817E-01  -2.1301169E-02   6.1474910E-02   1.6056003E-01
 -4.7931107E-02   1.5839700E-01  -4.0348178E-01  -2.4150144E-02  -3.1275723E-02  -4.2390197E-02  -1.7445089E-02  -5.6617515E-03  -5.8261475E-03  -1.7224611E-02  -5.8459307E-02  -2.4225422E-02  -4.7797323E-02  -3.5056839E-01   8.0169438E-01   9.9719240E-01   5.3302020E-01  -6.5979971E-02  -6.5979971E-02   9.7646261E-01  -1.5600107E-02  -4.3677092E-02   1.0000000E+00   3.2625626E-01   5.5707503E-01  -3.1286231E-01   6.8556746E-01   7.2682649E-01   5.3302020E-01
 -1.5438953E-01   5.2495898E-01  -4.7130184E-01   1.8535885E-01  -4.7786903E-02  -3.4451903E-03   5.7216898E-02  -5.6612562E-02  -1.2110080E-01   5.0064844E-02   5.3021737E-02   1.8719983E-01  -2.0944712E-02  -5.1701825E-01   6.5953647E-01   3.6764899E-01   5.1138169E-01   1.6392566E-01   1.6392566E-01   4.4786431E-01   8.3939031E-02  -7.3934945E-03   3.2625626E-01   1.0000000E+00   3.6552281E-01  -4.5016373E-01   5.1758085E-01   6.5123367E-01   5.1138169E-01
  2.6883011E-01  -3.4202227E-01   2.1310020E-01  -1.5004050E-01   1.8102455E-01  -1.0883904E-01  -7.8570861E-03  -1.6071843E-01   1.7909654E-01  -1.6725705E-01  -1.2494137E-01  -1.4987458E-01  -1.0226528E-01   2.3450683E-01   6.6137281E-01   5.5257692E-01  -3.9088145E-02  -1.6135044E-01  -1.6135044E-01   5.1528071E-01  -1.7556818E-01  -1.3498926E-01   5.5707503E-01   3.6552281E-01   1.0000000E+00   3.2005998E-01   9.5437628E-01   3.5091636E-01  -3.9088145E-02
  4.9276848E-01  -9.5106169E-01   9.7975307E-01  -3.0060879E-01   4.6732632E-01  -1.2291566E-01  -3.2388423E-02  -8.7541695E-02   2.7013077E-01  -1.5973997E-01  -5.8865998E-02  -3.0081733E-01  -8.0132416E-03   9.9341410E-01  -4.9289611E-01  -3.5055056E-01  -9.3335127E-01  -2.6399346E-01  -2.6399346E-01  -4.7858965E-01  -4.1946522E-01  -1.6317817E-01  -3.1286231E-01  -4.5016373E-01   3.2005998E-01   1.0000000E+00   5.6748355E-02  -7.7068440E-01  -9.3335127E-01
  1.4782484E-01  -8.7026516E-02  -4.7669243E-02   3.8506387E-02   8.7869652E-02  -3.9183626E-03   7.4200691E-02  -1.4936450E-01   1.2226810E-01  -1.0890761E-01  -1.0588732E-01   3.8739671E-02  -9.1614819E-02  -3.1864951E-02   8.3474175E-01   6.9380441E-01   2.1515396E-01  -9.1677067E-02  -9.1677067E-02   6.8703428E-01  -8.3299066E-02  -2.1301169E-02   6.8556746E-01   5.1758085E-01   9.5437628E-01   5.6748355E-02   1.0000000E+00   5.8221990E-01   2.1515396E-01
 -2.8549554E-01   6.8922909E-01  -8.2340236E-01   1.8864853E-01  -3.2840020E-01   3.8831574E-02   3.3016009E-02  -1.1915841E-02  -1.3936561E-01   4.7059315E-02  -2.5430119E-02   1.8891702E-01  -5.5814467E-02  -8.1667408E-01   9.3322546E-01   7.5773226E-01   8.9716899E-01   1.4081803E-01   1.4081803E-01   8.5192512E-01   2.8028295E-01   6.1474910E-02   7.2682649E-01   6.5123367E-01   3.5091636E-01  -7.7068440E-01   5.8221990E-01   1.0000000E+00   8.9716899E-01
 -5.9165141E-01   8.2770275E-01  -9.8209436E-01   2.2546620E-01  -4.0918789E-01   1.4373223E-01  -2.6686538E-03   4.8183115E-02  -2.5506492E-01   1.1532775E-01   3.8586966E-02   2.2558538E-01  -1.5773544E-02  -9.5275320E-01   7.0059389E-01   5.6668866E-01   1.0000000E+00   1.8948788E-01   1.8948788E-01   6.8670841E-01   3.3416780E-01   1.6056003E-01   5.3302020E-01   5.1138169E-01  -3.9088145E-02  -9.3335127E-01   2.1515396E-01   8.9716899E-01   1.0000000E+00
