# omega_b omega_cdm H0 logA n_s z_reio A_planck delta_prtoe xi_prtoe log_beta_prtoe zeta_prtoe
  2.0214988E-08  -5.7786258E-08   4.0473450E-05  -7.5864839E-08   1.0373326E-07  -1.1549722E-05   4.1255195E-08  -1.3995643E-07   1.4043597E-10  -3.5628647E-06  -1.6187501E-06
 -5.7786258E-08   8.9511213E-07  -4.0115454E-04   2.3479690E-06  -1.6566643E-06   2.8860961E-05   9.8550460E-08   1.7763276E-06  -8.6711501E-10   5.8219241E-05   6.7735485E-06
  4.0473450E-05  -4.0115454E-04   2.2253308E-01  -9.0519219E-04   7.7917296E-04  -1.9329155E-02  -8.8825866E-06  -8.2125578E-04   4.7541568E-07  -2.6960720E-02  -3.1667644E-03
 -7.5864839E-08   2.3479690E-06  -9.0519219E-04   5.3188837E-05  -8.2084289E-06   1.1743610E-03   1.0916818E-05  -1.5818721E-05  -4.0717274E-10   7.1572831E-04   6.3923470E-05
  1.0373326E-07  -1.6566643E-06   7.7917296E-04  -8.2084289E-06   1.4009488E-05  -5.9075902E-06  -1.6578322E-06   4.9734421E-06   2.7528631E-09  -2.6935671E-04  -4.4150254E-05
 -1.1549722E-05   2.8860961E-05  -1.9329155E-02   1.1743610E-03  -5.9075902E-06   7.2358461E-02  -9.7104758E-05  -1.1592213E-03   6.2219292E-08   3.5665326E-02   4.1534639E-03
  4.1255195E-08   9.8550460E-08  -8.8825866E-06   1.0916818E-05  -1.6578322E-06  -9.7104758E-05   5.9951598E-06   2.8357290E-06  -2.8167408E-10  -5.2843756E-05  -1.7386229E-05
 -1.3995643E-07   1.7763276E-06  -8.2125578E-04  -1.5818721E-05   4.9734421E-06  -1.1592213E-03   2.8357290E-06   5.8433389E-04  -1.3659317E-08  -4.8280410E-04   9.0343068E-04
  1.4043597E-10  -8.6711501E-10   4.7541568E-07  -4.0717274E-10   2.7528631E-09   6.2219292E-08  -2.8167408E-10  -1.3659317E-08   1.3244774E-11  -5.4586540E-07  -1.5246871E-07
 -3.5628647E-06   5.8219241E-05  -2.6960720E-02   7.1572831E-04  -2.6935671E-04   3.5665326E-02  -5.2843756E-05  -4.8280410E-04  -5.4586540E-07   1.6640322E-01   2.0647619E-02
 -1.6187501E-06   6.7735485E-06  -3.1667644E-03   6.3923470E-05  -4.4150254E-05   4.1534639E-03  -1.7386229E-05   9.0343068E-04  -1.5246871E-07   2.0647619E-02   1.4175610E-02
