# omega_b H0 logA n_s z_reio dcdf_rho_inf dcdf_conv_g A_planck A_act P_act Tcal Ecal m_ncdm
2.089922960640259413e-09 3.029728106369191245e-06 7.622866649884358341e-08 2.300189670012395791e-09 2.382635843877398193e-06 -3.094577721448779025e-08 -4.170602036549237032e-07 -6.107569808954880059e-10 -2.110332781815683022e-09 -4.223096308689529941e-09 1.190550099455374751e-08 3.162221885180838108e-10 1.145015676264267096e-08
3.029728106369191245e-06 1.130933372231261898e-02 1.032675722805397284e-04 -2.480811838889707472e-05 5.091386249092588398e-03 -1.471348218636143188e-04 -1.973830648339470421e-03 -2.534148883792163920e-05 -2.849127449744929549e-05 6.751788898885741139e-06 -1.616973477456644449e-05 -2.062035068675945992e-05 -3.094513387024541338e-04
7.622866649884358341e-08 1.032675722805397284e-04 2.988093551497185293e-06 1.201656350493578456e-07 9.614327258113281331e-05 -9.571314044740262188e-07 -1.326453017756634772e-05 -2.140252092196206642e-09 -7.772013462743141711e-08 -1.792809462483189764e-07 4.561846681936074771e-07 8.887005402059130316e-08 9.608936291523368166e-07
2.300189670012395791e-09 -2.480811838889707472e-05 1.201656350493578456e-07 1.473946922052081030e-07 -5.785514632258624203e-06 4.162677327369773074e-07 5.558793042896143916e-06 1.021065902815300189e-07 1.124180693944180266e-07 -7.145531321346205429e-08 1.281038432030366890e-07 1.057900333309387605e-07 1.427162273824724339e-06
2.382635843877398193e-06 5.091386249092588398e-03 9.614327258113281331e-05 -5.785514632258624203e-06 4.024146497930613554e-03 -4.904314819622331652e-05 -7.515919714467071688e-04 -6.088029495389936636e-06 -1.093649318601576570e-05 -1.705161524819838716e-06 6.042788324305155878e-06 -1.045262738057043973e-06 -5.099292354881929812e-05
-3.094577721448779025e-08 -1.471348218636143188e-04 -9.571314044740262188e-07 4.162677327369773074e-07 -4.904314819622331652e-05 2.610156729892839285e-06 3.019128021854954917e-05 4.528810376657254051e-07 3.580551739591009959e-07 -7.676682297251441112e-08 2.576481042466620678e-07 4.689980876437596246e-07 5.261692552467415691e-06
-4.170602036549237032e-07 -1.973830648339470421e-03 -1.326453017756634772e-05 5.558793042896143916e-06 -7.515919714467071688e-04 3.019128021854954917e-05 3.788782469669100574e-04 5.397332122591346131e-06 5.297244188022610344e-06 -1.560616162300926145e-06 3.790921966277929985e-06 5.199723876576139272e-06 6.645268186135307219e-05
-6.107569808954880059e-10 -2.534148883792163920e-05 -2.140252092196206642e-09 1.021065902815300189e-07 -6.088029495389936636e-06 4.528810376657254051e-07 5.397332122591346131e-06 7.060344604281565818e-07 9.716190167730311380e-08 -3.275438029777218140e-08 1.395082532714948637e-07 1.094258553023164152e-07 1.203624468977342013e-06
-2.110332781815683022e-09 -2.849127449744929549e-05 -7.772013462743141711e-08 1.124180693944180266e-07 -1.093649318601576570e-05 3.580551739591009959e-07 5.297244188022610344e-06 9.716190167730311380e-08 1.869000086283187375e-06 -9.422817492689711130e-07 -7.387289351818636642e-08 9.390400743797408583e-08 1.169818778670707306e-06
-4.223096308689529941e-09 6.751788898885741139e-06 -1.792809462483189764e-07 -7.145531321346205429e-08 -1.705161524819838716e-06 -7.676682297251441112e-08 -1.560616162300926145e-06 -3.275438029777218140e-08 -9.422817492689711130e-07 6.146609515912874983e-06 2.193032542288153198e-07 1.557122443832532885e-07 -6.466577004702707497e-07
1.190550099455374751e-08 -1.616973477456644449e-05 4.561846681936074771e-07 1.281038432030366890e-07 6.042788324305155878e-06 2.576481042466620678e-07 3.790921966277929985e-06 1.395082532714948637e-07 -7.387289351818636642e-08 2.193032542288153198e-07 6.048390415703714167e-06 3.322919473207524131e-07 1.561755734131562388e-06
3.162221885180838108e-10 -2.062035068675945992e-05 8.887005402059130316e-08 1.057900333309387605e-07 -1.045262738057043973e-06 4.689980876437596246e-07 5.199723876576139272e-06 1.094258553023164152e-07 9.390400743797408583e-08 1.557122443832532885e-07 3.322919473207524131e-07 9.196905573447661762e-06 1.207368955373178588e-06
1.145015676264264284e-08 -3.094513387024540253e-04 9.608936291523389342e-07 1.427162273824724339e-06 -5.099292354881934555e-05 5.261692552467419926e-06 6.645268186135308574e-05 1.203624468977342013e-06 1.169818778670707306e-06 -6.466577004702708556e-07 1.561755734131561965e-06 1.207368955373178588e-06 1.623765502172327697e-05
