# omega_b H0 logA n_s z_reio dcdf_rho_inf dcdf_conv_g dcdf_floor_thaw A_planck A_act P_act Tcal Ecal m_ncdm
3.937315784180699675e-10 1.015842965188358083e-06 -1.670071660733410503e-08 -3.412455296095173742e-09 6.244340483401383160e-07 2.604303059409686873e-08 1.082297782244756680e-07 -3.889832929391079534e-08 -1.388966231953276888e-08 -1.320925630343011452e-08 -3.712335497411285164e-09 -9.742985828834829990e-09 -1.631092107963111675e-08 2.514867211331236562e-09
1.015842965188358083e-06 3.163801782870611593e-03 -4.436490371596040009e-05 -1.033149226682911629e-05 1.881264454243384340e-03 7.062950654654271191e-05 2.713058285527617246e-04 -1.114842201969441391e-04 -4.018658452903743465e-05 -3.738013998466156913e-05 -1.133532121930344587e-05 -2.878924857778240680e-05 -4.486365606236756621e-05 6.976474664248191274e-06
-1.670071660733410503e-08 -4.436490371596040009e-05 7.428946030049587677e-07 1.249542454671335721e-07 -2.985451191608561451e-05 -1.138996632076296791e-06 -4.824349982102440123e-06 1.902157728681017611e-06 6.381351899801029221e-07 5.825483614284504626e-07 2.174963469331854247e-07 4.386122089362348311e-07 7.507380355360814118e-07 -5.617646002342528573e-08
-3.412455296095173742e-09 -1.033149226682911629e-05 1.249542454671335721e-07 5.772651731555481181e-08 -4.051581278379462658e-06 -2.062282455675576564e-07 -6.570744667465284061e-07 2.118153020287093395e-07 1.053820472893355314e-07 1.149847035429407489e-07 -1.276773371844521451e-08 7.867343120975630838e-08 1.126673102798901510e-07 -5.047906275879446605e-08
6.244340483401383160e-07 1.881264454243384340e-03 -2.985451191608561451e-05 -4.051581278379462658e-06 1.738178980546180655e-03 4.835051061928988210e-05 2.108541075393299640e-04 -9.657788695607003905e-05 -2.982833977092270389e-05 -2.826077733868525587e-05 -1.221381910280593735e-05 -2.175588526133617821e-05 -3.074396137765909485e-05 1.943850337160287734e-06
2.604303059409686873e-08 7.062950654654271191e-05 -1.138996632076296791e-06 -2.062282455675576564e-07 4.835051061928988210e-05 1.810540316460103420e-06 7.606076458164071819e-06 -2.872854476741568118e-06 -9.939023202006560414e-07 -9.367162548283601621e-07 -3.092889659833254087e-07 -7.167794590559388894e-07 -1.127340458466748826e-06 1.707684116519679758e-07
1.082297782244756680e-07 2.713058285527617246e-04 -4.824349982102440123e-06 -6.570744667465284061e-07 2.108541075393299640e-04 7.606076458164071819e-06 3.394574675914174079e-05 -1.269045956794868903e-05 -4.183293755872873953e-06 -3.903726527430147661e-06 -1.539637595802048667e-06 -2.980763630231881096e-06 -4.744697765970492990e-06 5.612298679284255583e-07
-3.889832929391079534e-08 -1.114842201969441391e-04 1.902157728681017611e-06 2.118153020287093395e-07 -9.657788695607003905e-05 -2.872854476741568118e-06 -1.269045956794868903e-05 6.103182966739633941e-06 1.809810702397414607e-06 1.594664959917484280e-06 7.869200610611426145e-07 1.205879265675687529e-06 2.019501919663805504e-06 1.570572711083397013e-07
-1.388966231953276888e-08 -4.018658452903743465e-05 6.381351899801029221e-07 1.053820472893355314e-07 -2.982833977092270389e-05 -9.939023202006560414e-07 -4.183293755872873953e-06 1.809810702397414607e-06 1.083600237139616230e-06 5.446319361420444165e-07 4.070035108448840963e-08 3.419879028851915897e-07 5.716292473603958552e-07 -4.289550665324227487e-08
-1.320925630343011452e-08 -3.738013998466156913e-05 5.825483614284504626e-07 1.149847035429407489e-07 -2.826077733868525587e-05 -9.367162548283601621e-07 -3.903726527430147661e-06 1.594664959917484280e-06 5.446319361420444165e-07 2.070214429044643116e-06 -7.942345201591275505e-07 3.268743019091447608e-07 8.529214464484425304e-07 -9.148557311290337964e-08
-3.712335497411285164e-09 -1.133532121930344587e-05 2.174963469331854247e-07 -1.276773371844521451e-08 -1.221381910280593735e-05 -3.092889659833254087e-07 -1.539637595802048667e-06 7.869200610611426145e-07 4.070035108448840963e-08 -7.942345201591275505e-07 6.105581651678631015e-06 3.436443474868839792e-07 4.578329364528033528e-07 3.544034390128334142e-08
-9.742985828834829990e-09 -2.878924857778240680e-05 4.386122089362348311e-07 7.867343120975630838e-08 -2.175588526133617821e-05 -7.167794590559388894e-07 -2.980763630231881096e-06 1.205879265675687529e-06 3.419879028851915897e-07 3.268743019091447608e-07 3.436443474868839792e-07 5.625049219167227451e-06 1.063313457815436557e-06 -7.791577910280712848e-08
-1.631092107963111675e-08 -4.486365606236756621e-05 7.507380355360814118e-07 1.126673102798901510e-07 -3.074396137765909485e-05 -1.127340458466748826e-06 -4.744697765970492990e-06 2.019501919663805504e-06 5.716292473603958552e-07 8.529214464484425304e-07 4.578329364528033528e-07 1.063313457815436557e-06 9.640611456503425265e-06 -9.692138182435007708e-09
2.514867211331236562e-09 6.976474664248191274e-06 -5.617646002342528573e-08 -5.047906275879446605e-08 1.943850337160287734e-06 1.707684116519679758e-07 5.612298679284255583e-07 1.570572711083397013e-07 -4.289550665324227487e-08 -9.148557311290337964e-08 3.544034390128334142e-08 -7.791577910280712848e-08 -9.692138182435007708e-09 1.896925899633391683e-07
