# omega_b H0 logA n_s z_reio dcdf_rho_inf dcdf_conv_g dcdf_floor_thaw A_planck A_act P_act Tcal Ecal m_ncdm
4.000000000000000084e-08 9.101685404717215942e-05 -1.952996102904138876e-06 -7.157793554913586881e-07 7.548127106823796948e-05 3.901640839989208766e-06 5.617010186610060302e-06 -4.761062471772557530e-06 -2.689781542818034586e-07 -1.850676749282722298e-07 -7.571528691413217612e-08 -1.242167132977007914e-07 -2.647439671981795749e-07 1.163991323101586320e-06
9.101685404717215942e-05 2.499999999999999722e-01 -4.575529005289248261e-03 -1.911220310127397220e-03 2.005570709465075152e-01 9.332058204569173079e-03 1.241804033920827777e-02 -1.203432764443422391e-02 -6.863441209915540969e-04 -4.618794336303434387e-04 -2.038945818517049564e-04 -3.237082679291181531e-04 -6.422110118069836214e-04 2.847778488032674197e-03
-1.952996102904138452e-06 -4.575529005289248261e-03 9.999999999999999124e-05 3.016961308847088594e-05 -4.154025242004325859e-03 -1.964195600430901681e-04 -2.882065028966742802e-04 2.679945636707336469e-04 1.422474673679861450e-05 9.394868668295069741e-06 5.106165040235393576e-06 6.436876932838305027e-06 1.402628090628530087e-05 -2.992923246117501184e-05
-7.157793554913585822e-07 -1.911220310127397003e-03 3.016961308847088594e-05 2.500000000000000120e-05 -1.011182719014880414e-03 -6.379055323615745812e-05 -7.040856423985661372e-05 5.352820954618563989e-05 4.213513670488529019e-06 3.326172171848876910e-06 -5.376536827684896625e-07 2.070944731300672235e-06 3.775704231890249742e-06 -4.823901387943321009e-05
7.548127106823796948e-05 2.005570709465074875e-01 -4.154025242004325859e-03 -1.011182719014880414e-03 2.500000000000000000e-01 8.618857851233216461e-03 1.302067186555672974e-02 -1.406512241639135477e-02 -6.873014954311899675e-04 -4.711174502356929757e-04 -2.964017226856423509e-04 -3.300331833629859034e-04 -5.937454542800077234e-04 1.070509176004626542e-03
3.901640839989208766e-06 9.332058204569173079e-03 -1.964195600430901681e-04 -6.379055323615745812e-05 8.618857851233216461e-03 4.000000000000000192e-04 5.821235291819945937e-04 -5.185403816914361131e-04 -2.838344133243160777e-05 -1.935335586241670574e-05 -9.302438443488717556e-06 -1.347626486497153458e-05 -2.698352625821193044e-05 1.165569695121058784e-04
5.617010186610059455e-06 1.241804033920827777e-02 -2.882065028966743344e-04 -7.040856423985661372e-05 1.302067186555672974e-02 5.821235291819944853e-04 9.000000000000001922e-04 -7.935037450410710284e-04 -4.138494510963590660e-05 -2.794024996497579820e-05 -1.604181712783123013e-05 -1.941396315462882194e-05 -3.934185550496466184e-05 1.327009889217471987e-04
-4.761062471772558378e-06 -1.203432764443422391e-02 2.679945636707337011e-04 5.352820954618563989e-05 -1.406512241639135651e-02 -5.185403816914362215e-04 -7.935037450410710284e-04 8.999999999999999754e-04 4.222519480680334827e-05 2.691750741142845646e-05 1.933660204396338772e-05 1.852272926206495067e-05 3.949162864343548298e-05 8.758019737924776431e-05
-2.689781542818034057e-07 -6.863441209915540969e-04 1.422474673679861280e-05 4.213513670488529019e-06 -6.873014954311897507e-04 -2.838344133243160777e-05 -4.138494510963590660e-05 4.222519480680334827e-05 3.999999999999998972e-06 1.454523974317358199e-06 1.582341024760969558e-07 8.311210564558944265e-07 1.768591794137104121e-06 -3.784530976621605784e-06
-1.850676749282722298e-07 -4.618794336303434929e-04 9.394868668295069741e-06 3.326172171848876910e-06 -4.711174502356929757e-04 -1.935335586241670913e-05 -2.794024996497579820e-05 2.691750741142845646e-05 1.454523974317358199e-06 3.999999999999998972e-06 -2.233971208832042449e-06 5.747264703754530367e-07 1.909189684489168016e-06 -5.839555033305347544e-06
-7.571528691413217612e-08 -2.038945818517049564e-04 5.106165040235392729e-06 -5.376536827684897684e-07 -2.964017226856424051e-04 -9.302438443488717556e-06 -1.604181712783123013e-05 1.933660204396338433e-05 1.582341024760969293e-07 -2.233971208832042449e-06 2.499999999999999781e-05 8.795768259229523142e-07 1.491870854217090526e-06 3.293132633405816844e-06
-1.242167132977007649e-07 -3.237082679291181531e-04 6.436876932838305027e-06 2.070944731300672235e-06 -3.300331833629859034e-04 -1.347626486497153796e-05 -1.941396315462882532e-05 1.852272926206495067e-05 8.311210564558943207e-07 5.747264703754530367e-07 8.795768259229523142e-07 9.000000000000003616e-06 2.165893591041314486e-06 -4.525726671998439672e-06
-2.647439671981795220e-07 -6.422110118069836214e-04 1.402628090628530087e-05 3.775704231890249742e-06 -5.937454542800077234e-04 -2.698352625821193044e-05 -3.934185550496465506e-05 3.949162864343548298e-05 1.768591794137104121e-06 1.909189684489168439e-06 1.491870854217090526e-06 2.165893591041314486e-06 2.499999999999999781e-05 -7.167077889184916508e-07
1.163991323101586108e-06 2.847778488032673330e-03 -2.992923246117501184e-05 -4.823901387943321009e-05 1.070509176004626542e-03 1.165569695121058784e-04 1.327009889217471987e-04 8.758019737924776431e-05 -3.784530976621605784e-06 -5.839555033305346697e-06 3.293132633405816844e-06 -4.525726671998440519e-06 -7.167077889184916508e-07 4.000000000000000192e-04
