# omega_b H0 logA n_s z_reio dcdf_rho_inf varying_me A_planck A_act P_act Tcal Ecal m_ncdm
1.111230023614858380e-08 5.122441753663205559e-05 4.188682869619657039e-07 -1.173714080156674265e-08 1.393313926969750166e-05 2.284621421159876726e-07 3.415586869103603007e-07 5.684844541397602239e-09 9.585284011485621847e-09 -5.865668090154052920e-09 1.965292012101372278e-08 2.208344073874133881e-09 1.922360232047009651e-06
5.122441753663205559e-05 4.643363239218896155e-01 4.272314965948264339e-04 1.620760567763852812e-04 -4.612338044745021605e-03 2.986716139302710363e-03 2.343953714779365653e-03 1.392343254742298282e-05 3.695385328901707090e-05 6.733431832612694890e-05 7.631293676896605158e-05 3.513002197976065351e-05 8.207534954896934581e-04
4.188682869619657039e-07 4.272314965948264339e-04 2.051336393600485767e-04 8.098053896573337187e-06 1.007668814684064586e-02 1.505963628998718600e-06 6.821062872607442694e-06 3.400735012144690441e-06 2.351901615050765138e-06 1.275413507205945552e-06 2.938443039552011430e-06 3.204899251432985820e-06 2.897403525675578588e-04
-1.173714080156674265e-08 1.620760567763852812e-04 8.098053896573337187e-06 8.661259757595218530e-06 6.925379080223037368e-04 5.983499862389140594e-06 -2.690643846605415674e-06 -3.137333815931520531e-07 7.201930958877572817e-07 1.343373778135929714e-07 9.381786729589497174e-07 8.269777388535795701e-07 1.449079861408989781e-06
1.393313926969750166e-05 -4.612338044745021605e-03 1.007668814684064586e-02 6.925379080223037368e-04 5.427070358195724697e-01 2.248209974733318564e-04 -2.595150878993089774e-05 -1.253445176005613408e-04 -1.161650690192958632e-04 5.426730034854529742e-05 -6.566322913777277294e-05 -8.107445255680960307e-05 1.329104984261864596e-02
2.284621421159876726e-07 2.986716139302710363e-03 1.505963628998718600e-06 5.983499862389140594e-06 2.248209974733318564e-04 2.962174539128099607e-05 5.752899116227099890e-06 -1.655068206916570184e-07 6.556297833976241410e-08 7.812754776869797417e-07 4.337625773730603276e-07 3.612594082099179156e-07 -9.516335462071217287e-05
3.415586869103603007e-07 2.343953714779365653e-03 6.821062872607442694e-06 -2.690643846605415674e-06 -2.595150878993089774e-05 5.752899116227099890e-06 2.085620979960756569e-05 3.554724647898663072e-07 3.794306769781990372e-07 2.864548715970398169e-07 4.891535198386555427e-07 2.002642376324909485e-07 1.208904462112970270e-04
5.684844541397602239e-09 1.392343254742298282e-05 3.400735012144690441e-06 -3.137333815931520531e-07 -1.253445176005613408e-04 -1.655068206916570184e-07 3.554724647898663072e-07 3.199881138134914596e-06 2.176120352644844422e-06 3.307358069661203157e-07 2.009565201372892355e-06 2.373151717436450746e-06 5.369074462096766613e-06
9.585284011485621847e-09 3.695385328901707090e-05 2.351901615050765138e-06 7.201930958877572817e-07 -1.161650690192958632e-04 6.556297833976241410e-08 3.794306769781990372e-07 2.176120352644844422e-06 3.664186757328672638e-06 -7.897969587550096149e-07 1.911016773613705191e-06 2.152096781183221462e-06 4.342300033731867310e-06
-5.865668090154052920e-09 6.733431832612694890e-05 1.275413507205945552e-06 1.343373778135929714e-07 5.426730034854529742e-05 7.812754776869797417e-07 2.864548715970398169e-07 3.307358069661203157e-07 -7.897969587550096149e-07 6.503037106248316139e-06 1.721628882853253199e-07 1.076357673939205075e-07 6.548385101798149735e-06
1.965292012101372278e-08 7.631293676896605158e-05 2.938443039552011430e-06 9.381786729589497174e-07 -6.566322913777277294e-05 4.337625773730603276e-07 4.891535198386555427e-07 2.009565201372892355e-06 1.911016773613705191e-06 1.721628882853253199e-07 7.139827715676458801e-06 2.209344540240200717e-06 5.242367251936126293e-06
2.208344073874133881e-09 3.513002197976065351e-05 3.204899251432985820e-06 8.269777388535795701e-07 -8.107445255680960307e-05 3.612594082099179156e-07 2.002642376324909485e-07 2.373151717436450746e-06 2.152096781183221462e-06 1.076357673939205075e-07 2.209344540240200717e-06 1.102495392540734063e-05 5.466064506263035763e-06
1.922360232047010498e-06 8.207534954896926992e-04 2.897403525675576420e-04 1.449079861408997616e-06 1.329104984261865637e-02 -9.516335462071218642e-05 1.208904462112970812e-04 5.369074462096771695e-06 4.342300033731869004e-06 6.548385101798150582e-06 5.242367251936126293e-06 5.466064506263034916e-06 2.480772538919447275e-03
