# omega_b H0 logA n_s z_reio dcdf_rho_inf varying_me A_planck A_act P_act Tcal Ecal m_ncdm
1.014851163929298185e-08 4.006009656672193718e-05 3.931621654856451492e-07 -2.166447949390324573e-08 9.869296980870510320e-06 1.355416541740121450e-07 3.119043083428250881e-07 4.433845378542670428e-08 3.731861072381174207e-08 -7.525244740590817869e-09 4.326255132678145389e-08 3.677009746373580705e-08 2.509988772399675921e-06
4.006009656672193718e-05 3.681405048972052896e-01 1.177665194283297832e-03 -5.847789889701944889e-06 3.789512114371940132e-02 2.477217287159795816e-03 1.763919972526386973e-03 5.050005378701923921e-05 -9.122888016131187698e-06 6.286958983168399553e-06 2.376504949732886031e-05 -2.486143579650830398e-05 -7.292789539940874822e-04
3.931621654856451492e-07 1.177665194283297832e-03 1.271367204473215892e-04 1.320133987148723329e-06 5.948827880026213641e-03 2.073803356078264837e-06 1.145053125622822687e-05 3.316166483099550699e-06 2.057052025054874289e-06 1.169192209961068717e-08 1.762312563334885476e-06 2.282178154352109577e-06 1.713930806035973275e-04
-2.166447949390324573e-08 -5.847789889701944889e-06 1.320133987148723329e-06 6.225810153930676234e-06 2.958497559320256813e-04 2.769615445980925710e-06 -2.028203120097708008e-06 -7.309309504161952498e-07 5.275019783492509613e-07 -4.815343277513383123e-07 5.628055333514750416e-07 4.492739348630976440e-07 -9.968116161701955238e-07
9.869296980870510320e-06 3.789512114371940132e-02 5.948827880026213641e-03 2.958497559320256813e-04 3.202140027515714693e-01 1.829880679000865716e-04 3.113841893221249791e-04 -1.288862503480497305e-04 -1.352730436263821197e-04 -4.323250216697964049e-06 -1.178952488958825913e-04 -1.251134793813811822e-04 6.868642328376296097e-03
1.355416541740121450e-07 2.477217287159795816e-03 2.073803356078264837e-06 2.769615445980925710e-06 1.829880679000865716e-04 2.672972331768140651e-05 2.569881033334157325e-06 4.693085187092140518e-07 -2.394047122163772989e-07 5.601823694929175307e-07 -2.308058420029961853e-07 -2.382908001838703539e-07 -1.302658421732549214e-04
3.119043083428250881e-07 1.763919972526386973e-03 1.145053125622822687e-05 -2.028203120097708008e-06 3.113841893221249791e-04 2.569881033334157325e-06 1.753608318758520724e-05 8.089075776515028364e-08 1.464815759618420110e-07 -2.823950538617202228e-07 5.038518413561146307e-07 5.021250304787768015e-09 1.319392233990949027e-04
4.433845378542670428e-08 5.050005378701923921e-05 3.316166483099550699e-06 -7.309309504161952498e-07 -1.288862503480497305e-04 4.693085187092140518e-07 8.089075776515028364e-08 3.149852399859779018e-06 2.167329584697535171e-06 2.165112241750930832e-07 1.779989055854221828e-06 2.212647457425255317e-06 5.081578087761459327e-06
3.731861072381174207e-08 -9.122888016131187698e-06 2.057052025054874289e-06 5.275019783492509613e-07 -1.352730436263821197e-04 -2.394047122163772989e-07 1.464815759618420110e-07 2.167329584697535171e-06 3.769490499266817096e-06 -7.502952551689317031e-07 1.836333691006584015e-06 2.209593333049430138e-06 1.115556291259121852e-05
-7.525244740590817869e-09 6.286958983168399553e-06 1.169192209961068717e-08 -4.815343277513383123e-07 -4.323250216697964049e-06 5.601823694929175307e-07 -2.823950538617202228e-07 2.165112241750930832e-07 -7.502952551689317031e-07 6.264001002326777380e-06 -4.199712345549659790e-08 1.181343696396512166e-07 1.223944773580823346e-06
4.326255132678145389e-08 2.376504949732886031e-05 1.762312563334885476e-06 5.628055333514750416e-07 -1.178952488958825913e-04 -2.308058420029961853e-07 5.038518413561146307e-07 1.779989055854221828e-06 1.836333691006584015e-06 -4.199712345549659790e-08 6.980028534101682537e-06 2.188956799161841120e-06 1.349665173799121282e-05
3.677009746373580705e-08 -2.486143579650830398e-05 2.282178154352109577e-06 4.492739348630976440e-07 -1.251134793813811822e-04 -2.382908001838703539e-07 5.021250304787768015e-09 2.212647457425255317e-06 2.209593333049430138e-06 1.181343696396512166e-07 2.188956799161841120e-06 1.078316936955195261e-05 1.156945308023114681e-05
2.509988772399675921e-06 -7.292789539940876991e-04 1.713930806035971919e-04 -9.968116161701533839e-07 6.868642328376299566e-03 -1.302658421732550570e-04 1.319392233990950112e-04 5.081578087761451704e-06 1.115556291259122868e-05 1.223944773580820169e-06 1.349665173799121282e-05 1.156945308023114003e-05 2.732645064035097229e-03
