# omega_b H0 logA n_s z_reio dcdf_rho_inf varying_me A_planck A_act P_act Tcal Ecal m_ncdm
5.218103187692916950e-08 2.204479041403848739e-04 9.218211249564876890e-07 -1.179763281191354974e-07 1.236212707581723331e-05 2.224231207756897620e-07 2.388125023399182788e-06 1.235427261920582574e-07 1.361049534529397000e-07 4.958585852835503110e-08 1.003471236561040196e-07 1.197800349198706823e-07 2.693915272174923564e-05
2.204479041403848739e-04 1.289715904974862548e+00 5.740924413433825917e-03 -6.916324200465685671e-04 1.434554383351455131e-01 3.342506507050838679e-03 1.210064055687284229e-02 5.757491605848190624e-04 5.060761956988612479e-04 4.588867666443428818e-04 2.485748797678024951e-04 6.424684873422196281e-04 1.171569749484756284e-01
9.218211249564876890e-07 5.740924413433825917e-03 1.698271897623284624e-04 1.374911481104148920e-05 8.545007276226191523e-03 7.398678744912353129e-07 7.049002452526103787e-05 -4.598881448375348849e-06 -7.389720812384226063e-07 1.945264315958681709e-06 -1.467000026901751046e-06 -1.045025193431576165e-06 8.188502304241297367e-04
-1.179763281191354974e-07 -6.916324200465685671e-04 1.374911481104148920e-05 2.688225265034547686e-05 1.394946997648588514e-03 6.263264701235248567e-06 -1.099280127178751964e-05 -1.083184753965170246e-06 3.417399255250592619e-06 -1.909158129250944012e-06 3.953262775529033994e-06 2.728859491715528487e-06 -6.726380527305086308e-07
1.236212707581723331e-05 1.434554383351455131e-01 8.545007276226191523e-03 1.394946997648588514e-03 5.157854876006316980e-01 9.432754107808365145e-08 1.984748142784423762e-03 -7.975615185925914122e-04 -4.173087672058822350e-04 -1.127778021241711084e-05 -3.977054003698218105e-04 -4.970047691606701602e-04 2.679198496859445597e-02
2.224231207756897620e-07 3.342506507050838679e-03 7.398678744912353129e-07 6.263264701235248567e-06 9.432754107808365145e-08 2.915681437008828828e-05 1.224532770521360256e-05 2.394693189220383453e-06 2.369437177175783686e-06 1.160591488274082699e-06 1.720497071943007230e-06 3.567906654776960840e-06 -1.038625728233310188e-06
2.388125023399182788e-06 1.210064055687284229e-02 7.049002452526103787e-05 -1.099280127178751964e-05 1.984748142784423762e-03 1.224532770521360256e-05 1.326736888260394293e-04 4.561481750473690836e-06 4.141616859214793724e-06 4.338440007453185293e-06 1.605113308118651198e-06 4.580028529272524197e-06 1.441113828752646096e-03
1.235427261920582574e-07 5.757491605848190624e-04 -4.598881448375348849e-06 -1.083184753965170246e-06 -7.975615185925914122e-04 2.394693189220383453e-06 4.561481750473690836e-06 6.523726216493919440e-06 4.219651304656119326e-06 6.455235929690896864e-07 3.831872498646036769e-06 4.871028821016173962e-06 5.852120129232381702e-05
1.361049534529397000e-07 5.060761956988612479e-04 -7.389720812384226063e-07 3.417399255250592619e-06 -4.173087672058822350e-04 2.369437177175783686e-06 4.141616859214793724e-06 4.219651304656119326e-06 7.548025043906422540e-06 -1.940249675475323509e-06 3.777112761044241624e-06 4.546202079351559552e-06 7.248176022203012920e-05
4.958585852835503110e-08 4.588867666443428818e-04 1.945264315958681709e-06 -1.909158129250944012e-06 -1.127778021241711084e-05 1.160591488274082699e-06 4.338440007453185293e-06 6.455235929690896864e-07 -1.940249675475323509e-06 1.280248521232587810e-05 -1.173177016727668167e-07 4.179955829568497352e-07 3.840391006517939609e-05
1.003471236561040196e-07 2.485748797678024951e-04 -1.467000026901751046e-06 3.953262775529033994e-06 -3.977054003698218105e-04 1.720497071943007230e-06 1.605113308118651198e-06 3.831872498646036769e-06 3.777112761044241624e-06 -1.173177016727668167e-07 1.462971213308986993e-05 4.822988878329228072e-06 4.577345483848387650e-05
1.197800349198706823e-07 6.424684873422196281e-04 -1.045025193431576165e-06 2.728859491715528487e-06 -4.970047691606701602e-04 3.567906654776960840e-06 4.580028529272524197e-06 4.871028821016173962e-06 4.546202079351559552e-06 4.179955829568497352e-07 4.822988878329228072e-06 2.302996845855050226e-05 6.921563894599731467e-05
2.693915272174923564e-05 1.171569749484756146e-01 8.188502304241293030e-04 -6.726380527307899516e-07 2.679198496859444209e-02 -1.038625728233482559e-06 1.441113828752646963e-03 5.852120129232378314e-05 7.248176022203015631e-05 3.840391006517939609e-05 4.577345483848389683e-05 6.921563894599726046e-05 1.838329137647978784e-02
