# omega_b H0 logA n_s z_reio dcdf_rho_inf varying_me A_planck A_act P_act Tcal Ecal m_ncdm
1.179420119752266607e-08 5.176057661204776065e-05 4.896662097096866368e-07 -4.484580105721327332e-08 1.475959601918530387e-05 2.270998736177643999e-07 3.453291337062460799e-07 3.229452079977401933e-08 2.280285610247839646e-08 -1.079507979501120161e-08 3.341941830860865625e-08 1.718498739350714569e-08 1.969842910539809210e-06
5.176057661204776065e-05 4.565632292467682318e-01 1.740822097515781850e-03 7.929959544970779808e-05 6.701449015208028881e-02 3.226699851517880920e-03 2.001363962756257022e-03 2.323929666033633704e-05 -2.014564893961581714e-05 3.834404264798307681e-05 1.874334630134181327e-05 -3.345835855411547253e-05 -2.236137199882684643e-03
4.896662097096866368e-07 1.740822097515781850e-03 1.456771126772112110e-04 -9.828921369767448213e-07 6.508072426288258328e-03 1.762999594408937879e-06 1.801713730293329208e-05 5.469788902041117837e-06 3.800559523647942833e-06 -3.460702893732987662e-07 3.254290529823594453e-06 3.776605381517974108e-06 2.153870065048034670e-04
-4.484580105721327332e-08 7.929959544970779808e-05 -9.828921369767448213e-07 8.133582041191446291e-06 2.157391826842473435e-04 5.484319279975979634e-06 -3.379132327307940550e-06 -2.779178370470180364e-07 8.372265430983461830e-07 -6.282235159108972086e-08 7.562141165402997863e-07 9.707267474637715189e-07 -1.784155316340087870e-05
1.475959601918530387e-05 6.701449015208028881e-02 6.508072426288258328e-03 2.157391826842473435e-04 3.288965072079169660e-01 2.584167461240351963e-04 5.659188436232362625e-04 2.720475186935106612e-06 -2.007793399303914355e-05 -2.102599221561095235e-05 -2.584872461726356890e-05 -1.072103230251733639e-05 8.189913252484056286e-03
2.270998736177643999e-07 3.226699851517880920e-03 1.762999594408937879e-06 5.484319279975979634e-06 2.584167461240351963e-04 3.373689835976753399e-05 4.241127337452186310e-06 -1.051424555190534775e-07 -3.002290705613592774e-07 7.802997268916798731e-07 -3.357154338849369780e-07 -6.916478731387063200e-08 -1.375932791671249185e-04
3.453291337062460799e-07 2.001363962756257022e-03 1.801713730293329208e-05 -3.379132327307940550e-06 5.659188436232362625e-04 4.241127337452186310e-06 1.821963229659849173e-05 4.262413257860434245e-07 1.417388917828790138e-07 -9.885107230819383717e-08 5.948287975483678234e-07 -1.970973706392103697e-07 1.190450089000717564e-04
3.229452079977401933e-08 2.323929666033633704e-05 5.469788902041117837e-06 -2.779178370470180364e-07 2.720475186935106612e-06 -1.051424555190534775e-07 4.262413257860434245e-07 3.030436727900485129e-06 2.016622379883808433e-06 3.064586462899958291e-07 1.697296783580103340e-06 2.046613948227555621e-06 1.301294465077049117e-05
2.280285610247839646e-08 -2.014564893961581714e-05 3.800559523647942833e-06 8.372265430983461830e-07 -2.007793399303914355e-05 -3.002290705613592774e-07 1.417388917828790138e-07 2.016622379883808433e-06 3.579111843109403239e-06 -6.405724202705934250e-07 1.680697871817648807e-06 1.978462419060699581e-06 1.116986050044018085e-05
-1.079507979501120161e-08 3.834404264798307681e-05 -3.460702893732987662e-07 -6.282235159108972086e-08 -2.102599221561095235e-05 7.802997268916798731e-07 -9.885107230819383717e-08 3.064586462899958291e-07 -6.405724202705934250e-07 6.221467434712065751e-06 5.586091094518433675e-08 1.877128562268213300e-07 2.321047476428069856e-06
3.341941830860865625e-08 1.874334630134181327e-05 3.254290529823594453e-06 7.562141165402997863e-07 -2.584872461726356890e-05 -3.357154338849369780e-07 5.948287975483678234e-07 1.697296783580103340e-06 1.680697871817648807e-06 5.586091094518433675e-08 6.916093807474915947e-06 1.949685660218600374e-06 1.485023291546722231e-05
1.718498739350714569e-08 -3.345835855411547253e-05 3.776605381517974108e-06 9.707267474637715189e-07 -1.072103230251733639e-05 -6.916478731387063200e-08 -1.970973706392103697e-07 2.046613948227555621e-06 1.978462419060699581e-06 1.877128562268213300e-07 1.949685660218600374e-06 1.047637520221994292e-05 8.268888484839736482e-06
1.969842910539808363e-06 -2.236137199882683776e-03 2.153870065048035755e-04 -1.784155316340090919e-05 8.189913252484059755e-03 -1.375932791671249185e-04 1.190450089000717022e-04 1.301294465077049456e-05 1.116986050044018424e-05 2.321047476428063927e-06 1.485023291546722570e-05 8.268888484839736482e-06 2.424367417880958758e-03
