# omega_b H0 logA n_s z_reio dcdf_rho_inf varying_me A_planck A_act P_act Tcal Ecal m_ncdm
1.002877044693348806e-08 3.403506586378565269e-05 1.471879398800698242e-07 -5.489160801180730368e-09 -3.903886175513467502e-06 6.973444897830275654e-08 3.037405569623534628e-07 5.202469860937950439e-08 6.392638930787696255e-08 -1.817948909546165597e-08 6.442806425955497608e-08 6.326253512341354358e-08 2.854318296781154342e-06
3.403506586378565269e-05 3.422979838330824087e-01 3.888847002028036556e-04 1.511329906536227762e-04 -1.177168690301543842e-02 2.245566361411261650e-03 1.721732518862974627e-03 1.856737759662656037e-04 1.631180590648842422e-04 -1.194756569680566369e-05 1.778034705363994812e-04 2.388381767325004122e-04 6.983782244517164773e-04
1.471879398800698242e-07 3.888847002028036556e-04 9.034529245379374282e-05 7.490624673873970230e-06 4.086537489116868864e-03 -3.457909325117865705e-06 8.543880261195213062e-06 4.095289846417923730e-06 5.040073645819941697e-06 -8.805711477503948869e-07 4.775700356741774588e-06 4.619988000452360814e-06 1.514633168459286815e-04
-5.489160801180730368e-09 1.511329906536227762e-04 7.490624673873970230e-06 7.049722822541028337e-06 6.015359265181275663e-04 3.802964422306379607e-06 -1.009936137609083147e-06 -5.305054029727189258e-07 5.810516233140775830e-07 -2.609868867626010105e-07 9.988198846420928980e-07 5.750088591830876030e-07 1.134373244727318674e-05
-3.903886175513467502e-06 -1.177168690301543842e-02 4.086537489116868864e-03 6.015359265181275663e-04 2.298504550378196454e-01 -1.856680268974789799e-04 1.426953199185622921e-04 -1.181554115836910617e-04 -1.342394601654490940e-05 -3.199273096011807807e-05 1.781594611245134781e-05 -2.972585566557838784e-05 6.147855696974585497e-03
6.973444897830275654e-08 2.245566361411261650e-03 -3.457909325117865705e-06 3.802964422306379607e-06 -1.856680268974789799e-04 2.309153876889753383e-05 3.774271079373449869e-06 1.530829798229466002e-06 8.449031168067473482e-07 5.369765212252413743e-07 1.208103526182367892e-06 1.583960841540255968e-06 -1.059595642923005695e-04
3.037405569623534628e-07 1.721732518862974627e-03 8.543880261195213062e-06 -1.009936137609083147e-06 1.426953199185622921e-04 3.774271079373449869e-06 1.598206919675956272e-05 6.413673101225576352e-07 1.095793077398127652e-06 -4.078974216146224671e-07 9.204439046465004670e-07 1.298303577609649083e-06 1.251948693658753444e-04
5.202469860937950439e-08 1.856737759662656037e-04 4.095289846417923730e-06 -5.305054029727189258e-07 -1.181554115836910617e-04 1.530829798229466002e-06 6.413673101225576352e-07 3.439546557122157890e-06 2.341111296375306555e-06 1.893561993376338433e-07 1.978531265982958024e-06 2.306527089357793252e-06 3.403412589346370118e-06
6.392638930787696255e-08 1.631180590648842422e-04 5.040073645819941697e-06 5.810516233140775830e-07 -1.342394601654490940e-05 8.449031168067473482e-07 1.095793077398127652e-06 2.341111296375306555e-06 3.846151981484087693e-06 -8.671762569979676386e-07 1.999252182028700904e-06 2.345178221542345130e-06 1.641587814168052748e-05
-1.817948909546165597e-08 -1.194756569680566369e-05 -8.805711477503948869e-07 -2.609868867626010105e-07 -3.199273096011807807e-05 5.369765212252413743e-07 -4.078974216146224671e-07 1.893561993376338433e-07 -8.671762569979676386e-07 6.411674037253684362e-06 -4.954093615996647293e-08 8.730038220410351095e-08 5.917776955914676212e-07
6.442806425955497608e-08 1.778034705363994812e-04 4.775700356741774588e-06 9.988198846420928980e-07 1.781594611245134781e-05 1.208103526182367892e-06 9.204439046465004670e-07 1.978531265982958024e-06 1.999252182028700904e-06 -4.954093615996647293e-08 7.492096012893348027e-06 2.310850806065103199e-06 1.474794596665851216e-05
6.326253512341354358e-08 2.388381767325004122e-04 4.619988000452360814e-06 5.750088591830876030e-07 -2.972585566557838784e-05 1.583960841540255968e-06 1.298303577609649083e-06 2.306527089357793252e-06 2.345178221542345130e-06 8.730038220410351095e-08 2.310850806065103199e-06 1.068350414913476801e-05 1.226442830061928824e-05
2.854318296781153072e-06 6.983782244517261267e-04 1.514633168459286001e-04 1.134373244727319352e-05 6.147855696974582895e-03 -1.059595642923004475e-04 1.251948693658751818e-04 3.403412589346366729e-06 1.641587814168052748e-05 5.917776955914626449e-07 1.474794596665850877e-05 1.226442830061928146e-05 2.706356723105310044e-03
