# omega_b H0 logA n_s z_reio dcdf_rho_inf varying_me A_planck A_act P_act Tcal Ecal m_ncdm
1.117777700495454150e-08 4.789304959011251737e-05 3.738199146492252378e-07 -4.383382438620995710e-08 9.749682264942002331e-06 1.937683804295462303e-07 3.304799749979551506e-07 2.331097936612998749e-08 1.924660800936734167e-08 -1.090978462213332221e-08 2.587546655096761677e-08 1.158131966596405784e-08 1.826898469691565435e-06
4.789304959011251737e-05 4.240747959695042035e-01 7.209418570065934118e-04 9.303618705424821140e-05 2.442318167689743955e-02 2.922897993241996718e-03 1.917082556658686017e-03 -5.999064341699196739e-05 -5.283635395080600220e-05 6.699785885906426199e-06 -2.230226545644632195e-05 -6.591675676074129479e-05 -2.325001098552550820e-03
3.738199146492252378e-07 7.209418570065934118e-04 1.330335323842099710e-04 1.184634998259802964e-06 6.133679239185087922e-03 -3.772240239155944088e-07 9.042677183426302124e-06 4.024464946030951293e-06 3.159628802638293826e-06 -6.215757261633974652e-07 3.080829286419595496e-06 3.283558344086437043e-06 1.795316477468556101e-04
-4.383382438620995710e-08 9.303618705424821140e-05 1.184634998259802964e-06 7.994390718292131986e-06 3.289289250894581406e-04 5.589399470881723386e-06 -3.253956643065549816e-06 -3.071550620223733560e-07 7.656666358791334007e-07 3.923811331680324944e-08 6.181756917800782554e-07 9.111420433896550520e-07 -1.661437821861900160e-05
9.749682264942002331e-06 2.442318167689743955e-02 6.133679239185087922e-03 3.289289250894581406e-04 3.263061830416936759e-01 2.286089408731462296e-04 1.520042320763748448e-04 -8.654661063615105387e-05 -7.368422800600171458e-05 -2.908777371350257284e-05 -5.764647276787127528e-05 -5.503331714545308073e-05 6.900494728639509912e-03
1.937683804295462303e-07 2.922897993241996718e-03 -3.772240239155944088e-07 5.589399470881723386e-06 2.286089408731462296e-04 3.113659819636674408e-05 3.380616391280979606e-06 -7.188194157074237288e-07 -5.828840022648355984e-07 5.612857232690317611e-07 -5.942029992147880076e-07 -3.365791961501612155e-07 -1.303696779370908760e-04
3.304799749979551506e-07 1.917082556658686017e-03 9.042677183426302124e-06 -3.253956643065549816e-06 1.520042320763748448e-04 3.380616391280979606e-06 1.797271388666003567e-05 3.843942990671331251e-09 -2.717867845609106252e-08 -2.595760025511613759e-07 3.360101607924155752e-07 -3.164304383536356029e-07 1.113215968922235684e-04
2.331097936612998749e-08 -5.999064341699196739e-05 4.024464946030951293e-06 -3.071550620223733560e-07 -8.654661063615105387e-05 -7.188194157074237288e-07 3.843942990671331251e-09 3.127511200610238207e-06 2.160327519099383510e-06 2.309290441095983245e-07 1.898384083112680658e-06 2.192454390048319959e-06 9.365859454698611668e-06
1.924660800936734167e-08 -5.283635395080600220e-05 3.159628802638293826e-06 7.656666358791334007e-07 -7.368422800600171458e-05 -5.828840022648355984e-07 -2.717867845609106252e-08 2.160327519099383510e-06 3.747419735520898177e-06 -6.215765791405592572e-07 1.771978876903550971e-06 2.117621832973643469e-06 7.763176382273163613e-06
-1.090978462213332221e-08 6.699785885906426199e-06 -6.215757261633974652e-07 3.923811331680324944e-08 -2.908777371350257284e-05 5.612857232690317611e-07 -2.595760025511613759e-07 2.309290441095983245e-07 -6.215765791405592572e-07 6.112549377195064271e-06 1.629726496828480878e-07 2.369167154872702629e-07 1.840639163045354675e-06
2.587546655096761677e-08 -2.230226545644632195e-05 3.080829286419595496e-06 6.181756917800782554e-07 -5.764647276787127528e-05 -5.942029992147880076e-07 3.360101607924155752e-07 1.898384083112680658e-06 1.771978876903550971e-06 1.629726496828480878e-07 6.945816748184216786e-06 2.059633159352651843e-06 1.140047377543331643e-05
1.158131966596405784e-08 -6.591675676074129479e-05 3.283558344086437043e-06 9.111420433896550520e-07 -5.503331714545308073e-05 -3.365791961501612155e-07 -3.164304383536356029e-07 2.192454390048319959e-06 2.117621832973643469e-06 2.369167154872702629e-07 2.059633159352651843e-06 1.063660818220401654e-05 7.026499220937836265e-06
1.826898469691566282e-06 -2.325001098552550386e-03 1.795316477468556101e-04 -1.661437821861900160e-05 6.900494728639509912e-03 -1.303696779370908760e-04 1.113215968922235413e-04 9.365859454698598116e-06 7.763176382273167002e-06 1.840639163045355310e-06 1.140047377543331643e-05 7.026499220937839653e-06 2.312989317023564188e-03
