# omega_b H0 logA n_s z_reio dcdf_rho_inf varying_me A_planck A_act P_act Tcal Ecal m_ncdm
9.906644808537536146e-09 4.198842198680069189e-05 3.533452012516628918e-07 -1.341846403094097995e-09 1.006337272284385744e-05 1.841027315542307514e-07 2.818120596911498855e-07 2.924766153376940155e-08 2.570739564370848517e-08 -1.227589666577744400e-08 3.163084835849178417e-08 2.148715923829253005e-08 1.807928126294893086e-06
4.198842198680069189e-05 3.574963300558380297e-01 8.317910579446923577e-04 1.147895389788330424e-04 2.765876289361304113e-02 2.571453263494474957e-03 1.513058497860984928e-03 3.542074991653211856e-06 -2.259102124407564235e-05 1.402190895577134794e-06 1.665843480312061725e-05 -4.038352037766060885e-05 -2.534017341492132702e-03
3.533452012516628918e-07 8.317910579446923577e-04 1.127449009636968401e-04 2.122923112380712530e-06 5.463564823635627329e-03 -1.426752636078768314e-06 1.112081668383098332e-05 1.125752232652140224e-06 1.028372420100526168e-06 -1.051804234505513645e-06 2.752161227884483503e-07 1.045256369979209886e-06 1.858265539750429685e-04
-1.341846403094097995e-09 1.147895389788330424e-04 2.122923112380712530e-06 5.927158476898044992e-06 2.972281938204136787e-04 3.944840903647908788e-06 -1.914772093955800615e-06 -4.164205962926841987e-07 5.424882090189448421e-07 -3.653306044775442819e-07 6.140104939433610466e-07 6.615472495694210928e-07 -8.459886127409667762e-06
1.006337272284385744e-05 2.765876289361304113e-02 5.463564823635627329e-03 2.972281938204136787e-04 3.000975731739121688e-01 8.205839653883598020e-05 3.008301575190597309e-04 -1.702121288014923559e-04 -1.457789163583352672e-04 -4.807206726892823071e-05 -1.527634591444877710e-04 -1.340175870777307772e-04 7.541707887427985188e-03
1.841027315542307514e-07 2.571453263494474957e-03 -1.426752636078768314e-06 3.944840903647908788e-06 8.205839653883598020e-05 2.891305286132118493e-05 1.265226098232949083e-06 -1.033502628711765690e-07 -4.958153747441618049e-07 5.005313494896530370e-07 -4.542301682086975748e-07 -2.803703040442047498e-07 -1.388608827887877174e-04
2.818120596911498855e-07 1.513058497860984928e-03 1.112081668383098332e-05 -1.914772093955800615e-06 3.008301575190597309e-04 1.265226098232949083e-06 1.573823571657474225e-05 1.194864661872322771e-07 2.116974668200904333e-07 -2.792654210058165734e-07 6.241661294165259606e-07 -1.182372302621820576e-07 1.185717884878632178e-04
2.924766153376940155e-08 3.542074991653211856e-06 1.125752232652140224e-06 -4.164205962926841987e-07 -1.702121288014923559e-04 -1.033502628711765690e-07 1.194864661872322771e-07 2.511563259917157576e-06 1.742542736621843160e-06 1.340590652982875696e-07 1.375614545144338375e-06 1.789599102680450269e-06 6.588933808359635323e-06
2.570739564370848517e-08 -2.259102124407564235e-05 1.028372420100526168e-06 5.424882090189448421e-07 -1.457789163583352672e-04 -4.958153747441618049e-07 2.116974668200904333e-07 1.742542736621843160e-06 3.383397998388344508e-06 -7.032113993263865183e-07 1.520760939280469958e-06 1.818649038426919270e-06 8.851726029591810665e-06
-1.227589666577744400e-08 1.402190895577134794e-06 -1.051804234505513645e-06 -3.653306044775442819e-07 -4.807206726892823071e-05 5.005313494896530370e-07 -2.792654210058165734e-07 1.340590652982875696e-07 -7.032113993263865183e-07 6.169145966176119352e-06 -3.678220759241907307e-08 3.703822845077122488e-08 1.079467342910080479e-06
3.163084835849178417e-08 1.665843480312061725e-05 2.752161227884483503e-07 6.140104939433610466e-07 -1.527634591444877710e-04 -4.542301682086975748e-07 6.241661294165259606e-07 1.375614545144338375e-06 1.520760939280469958e-06 -3.678220759241907307e-08 6.695312929861982947e-06 1.908476170403088769e-06 1.182440181446737398e-05
2.148715923829253005e-08 -4.038352037766060885e-05 1.045256369979209886e-06 6.615472495694210928e-07 -1.340175870777307772e-04 -2.803703040442047498e-07 -1.182372302621820576e-07 1.789599102680450269e-06 1.818649038426919270e-06 3.703822845077122488e-08 1.908476170403088769e-06 1.020757458830565188e-05 8.080245360300008435e-06
1.807928126294893722e-06 -2.534017341492130967e-03 1.858265539750431040e-04 -8.459886127409662680e-06 7.541707887427980851e-03 -1.388608827887878258e-04 1.185717884878632314e-04 6.588933808359628547e-06 8.851726029591810665e-06 1.079467342910084714e-06 1.182440181446737398e-05 8.080245360300010129e-06 2.459152287513135301e-03
