# omega_b H0 logA n_s z_reio dcdf_rho_inf varying_me A_planck A_act P_act Tcal Ecal m_ncdm
1.120226060225806776e-08 4.981984694140134814e-05 3.440727271554457153e-07 -1.353749006486358089e-08 9.909000726938956989e-06 2.291336378254342943e-07 3.234316871754560029e-07 8.991469045789628223e-09 1.535883631363623901e-08 -6.023376966590188927e-09 2.021885205142342952e-08 9.746372236658300517e-10 1.781184404828857268e-06
4.981984694140134814e-05 4.612047558226628485e-01 3.180010246292482327e-04 1.670522111408345516e-04 -7.996628548336593562e-03 3.051828471478498523e-03 2.265051767707176606e-03 3.270705835368117100e-05 3.934648116119041880e-05 9.990227806323635643e-05 5.460121104504731112e-05 4.396756969716414599e-05 5.354493899552843338e-04
3.440727271554457153e-07 3.180010246292482327e-04 1.871692042857534303e-04 5.948685371649535234e-06 9.103010281656135835e-03 1.983871296533008855e-06 4.522455628143427965e-06 3.899710758937301640e-06 2.702090364788834288e-06 7.257786363058326871e-07 2.675376583742999207e-06 3.554188881250523549e-06 2.334373488844012083e-04
-1.353749006486358089e-08 1.670522111408345516e-04 5.948685371649535234e-06 8.886076591702746636e-06 5.680315002165321325e-04 5.955348875430470530e-06 -2.745166211286157723e-06 -2.218271598376809221e-07 9.585922357706664856e-07 -1.876695765150382606e-07 9.142155775036713465e-07 8.657048002359787975e-07 -8.893029387886485418e-06
9.909000726938956989e-06 -7.996628548336593562e-03 9.103010281656135835e-03 5.680315002165321325e-04 4.882245873749626042e-01 2.488747722287511081e-04 -1.213867562096698137e-04 -8.952443928085763926e-05 -9.052567642265788104e-05 2.062837765741216145e-05 -7.843895548702982552e-05 -4.944357958671247990e-05 1.022508214885227418e-02
2.291336378254342943e-07 3.051828471478498523e-03 1.983871296533008855e-06 5.955348875430470530e-06 2.488747722287511081e-04 3.032119858245728815e-05 6.022230259185757172e-06 5.710375847111770888e-08 1.120536870868630781e-07 9.324896353139805620e-07 2.717629018835244315e-07 5.867506867706127713e-07 -9.074591881182039570e-05
3.234316871754560029e-07 2.265051767707176606e-03 4.522455628143427965e-06 -2.745166211286157723e-06 -1.213867562096698137e-04 6.022230259185757172e-06 1.969407566703413625e-05 3.769547797499177829e-07 3.232323086182355023e-07 4.787164052606628190e-07 3.570552970169853751e-07 9.891863442727327288e-08 1.102777130309014138e-04
8.991469045789628223e-09 3.270705835368117100e-05 3.899710758937301640e-06 -2.218271598376809221e-07 -8.952443928085763926e-05 5.710375847111770888e-08 3.769547797499177829e-07 3.121573629441038887e-06 2.101230373113029194e-06 3.096128205690778051e-07 1.990858014050862446e-06 2.298825568705130274e-06 6.084620666964316888e-06
1.535883631363623901e-08 3.934648116119041880e-05 2.702090364788834288e-06 9.585922357706664856e-07 -9.052567642265788104e-05 1.120536870868630781e-07 3.232323086182355023e-07 2.101230373113029194e-06 3.732587124918956146e-06 -8.830781640444481076e-07 1.885771326437349339e-06 2.039057902934928771e-06 3.213046282515274654e-06
-6.023376966590188927e-09 9.990227806323635643e-05 7.257786363058326871e-07 -1.876695765150382606e-07 2.062837765741216145e-05 9.324896353139805620e-07 4.787164052606628190e-07 3.096128205690778051e-07 -8.830781640444481076e-07 6.638380746791875090e-06 1.165578368955625795e-07 1.049899215112696763e-07 6.045952785188532112e-06
2.021885205142342952e-08 5.460121104504731112e-05 2.675376583742999207e-06 9.142155775036713465e-07 -7.843895548702982552e-05 2.717629018835244315e-07 3.570552970169853751e-07 1.990858014050862446e-06 1.885771326437349339e-06 1.165578368955625795e-07 7.102258769685950573e-06 2.094224449506689458e-06 3.944212520240379442e-06
9.746372236658300517e-10 4.396756969716414599e-05 3.554188881250523549e-06 8.657048002359787975e-07 -4.944357958671247990e-05 5.867506867706127713e-07 9.891863442727327288e-08 2.298825568705130274e-06 2.039057902934928771e-06 1.049899215112696763e-07 2.094224449506689458e-06 1.087519702855390480e-05 3.732964922912691663e-06
1.781184404828856632e-06 5.354493899552842254e-04 2.334373488844012896e-04 -8.893029387886498970e-06 1.022508214885226897e-02 -9.074591881182036859e-05 1.102777130309014273e-04 6.084620666964316888e-06 3.213046282515277195e-06 6.045952785188534653e-06 3.944212520240376901e-06 3.732964922912687851e-06 2.245948828175973327e-03
