# omega_b H0 logA n_s z_reio dcdf_rho_inf varying_me A_planck A_act P_act Tcal Ecal m_ncdm
1.078346126508975660e-08 4.417742901813220482e-05 1.639172643321465559e-07 -7.900420299007518502e-09 -1.991951429476658515e-06 6.346102230237557052e-08 4.341378385687272368e-07 3.998765654302919943e-08 5.372708495280296608e-08 1.095502102860765725e-08 4.252317991493500977e-08 4.336876586146907268e-08 4.164241388577376280e-06
4.417742901813220482e-05 3.024283295089081336e-01 1.651385398256236805e-03 -1.085120999836176382e-04 6.044337824075917548e-02 9.751873329287922545e-04 2.669926532924768101e-03 4.650245404252591072e-05 4.157261738734491642e-05 1.256670574617988162e-04 -1.543922976594804734e-05 9.967278091777361957e-05 2.410477476063366264e-02
1.639172643321465559e-07 1.651385398256236805e-03 2.473057852122431923e-05 3.092838344429274207e-06 9.879158062108125363e-04 8.269070991013318392e-06 1.183890763179922440e-05 1.915622973960245818e-06 1.845769806420790855e-06 1.033110949561650096e-06 1.431929732001393653e-06 2.750159005224353823e-06 8.957400779782302225e-05
-7.900420299007518502e-09 -1.085120999836176382e-04 3.092838344429274207e-06 5.725124463970214354e-06 2.695365439228839086e-04 1.435520772847196875e-06 -2.200165898031350684e-06 -8.446356103094967417e-08 8.467985836430023316e-07 -4.645571765529264306e-07 8.752777202521647535e-07 9.308236878912294328e-07 6.696997707300575194e-07
-1.991951429476658515e-06 6.044337824075917548e-02 9.879158062108125363e-04 2.695365439228839086e-04 7.661261855001255672e-02 5.640006184035330737e-04 2.765942834227225352e-04 -1.718418070789404868e-04 -1.426655106092137822e-04 2.056840731616259660e-05 -1.388276849167790312e-04 -1.056849351752105990e-04 1.796943324048425527e-03
6.346102230237557052e-08 9.751873329287922545e-04 8.269070991013318392e-06 1.435520772847196875e-06 5.640006184035330737e-04 6.612811912342784533e-06 6.169192807190395225e-06 -8.072360640033416874e-07 -8.550395086776438550e-07 3.838908563382756968e-07 -8.353045228790525537e-07 -4.850279656296491669e-07 5.169348812014142817e-05
4.341378385687272368e-07 2.669926532924768101e-03 1.183890763179922440e-05 -2.200165898031350684e-06 2.765942834227225352e-04 6.169192807190395225e-06 2.556650441570044750e-05 9.616853695468446960e-07 9.014998429181508146e-07 1.135820991947405515e-06 2.792663115717370194e-07 1.353505936475539943e-06 2.393613712482383423e-04
3.998765654302919943e-08 4.650245404252591072e-05 1.915622973960245818e-06 -8.446356103094967417e-08 -1.718418070789404868e-04 -8.072360640033416874e-07 9.616853695468446960e-07 2.706948805396206208e-06 1.901971040760861683e-06 1.974318651546003251e-07 1.863945945320713957e-06 2.093786530313070811e-06 1.271073406519533122e-05
5.372708495280296608e-08 4.157261738734491642e-05 1.845769806420790855e-06 8.467985836430023316e-07 -1.426655106092137822e-04 -8.550395086776438550e-07 9.014998429181508146e-07 1.901971040760861683e-06 3.704293624023155766e-06 -1.025161191603781690e-06 1.739949252582291528e-06 2.019648214752735617e-06 1.468615566018773191e-05
1.095502102860765725e-08 1.256670574617988162e-04 1.033110949561650096e-06 -4.645571765529264306e-07 2.056840731616259660e-05 3.838908563382756968e-07 1.135820991947405515e-06 1.974318651546003251e-07 -1.025161191603781690e-06 6.781490095874024035e-06 3.688700609851517274e-09 1.731044787948360503e-07 9.481488488849252534e-06
4.252317991493500977e-08 -1.543922976594804734e-05 1.431929732001393653e-06 8.752777202521647535e-07 -1.388276849167790312e-04 -8.353045228790525537e-07 2.792663115717370194e-07 1.863945945320713957e-06 1.739949252582291528e-06 3.688700609851517274e-09 7.104516029636651914e-06 2.409280910756183956e-06 1.009122096884088845e-05
4.336876586146907268e-08 9.967278091777361957e-05 2.750159005224353823e-06 9.308236878912294328e-07 -1.056849351752105990e-04 -4.850279656296491669e-07 1.353505936475539943e-06 2.093786530313070811e-06 2.019648214752735617e-06 1.731044787948360503e-07 2.409280910756183956e-06 1.097265456172069863e-05 2.032253384538796278e-05
4.164241388577377974e-06 2.410477476063366611e-02 8.957400779782300870e-05 6.696997707300484138e-07 1.796943324048425527e-03 5.169348812014150271e-05 2.393613712482383423e-04 1.271073406519532614e-05 1.468615566018772514e-05 9.481488488849249146e-06 1.009122096884087997e-05 2.032253384538795261e-05 2.553471934946377562e-03
