# omega_b H0 logA n_s z_reio log10_zon dcdf_rho_inf A_planck A_act P_act Tcal Ecal m_ncdm
4.000000000000001407e-08 1.530591602280498809e-06 -5.395169039707291176e-08 1.863748251242608981e-07 1.341060991749163937e-05 -1.188562510667153490e-05 -9.981709856952430518e-08 -2.048700421778459767e-07 -8.095737601407389149e-08 -1.445979398285593961e-07 -7.227327974728443592e-08 -1.970712038265245062e-07 1.473453577030755933e-07
1.530591602280498809e-06 2.500000000000000000e-01 2.833776742222092904e-03 1.153036976900605410e-03 1.581372806660191754e-01 3.015212398075025821e-03 9.933098144781391317e-03 1.164918169730622870e-04 6.072889253976916764e-06 1.984276249105277733e-04 -1.382479476769693145e-05 2.315949984164358225e-04 -5.391374343637218500e-03
-5.395169039707291176e-08 2.833776742222092904e-03 1.000000000000000048e-04 2.388550959480574106e-05 4.712279968381849309e-03 -6.852349963138419263e-06 1.212586702761112901e-04 1.630519027056653358e-06 1.326942282637456894e-06 1.846364498640066570e-06 5.274967216064313284e-07 4.209436259404331403e-06 -1.556733494061947513e-05
1.863748251242609246e-07 1.153036976900605410e-03 2.388550959480574106e-05 2.500000000000000120e-05 1.533205667406418700e-03 -9.894819842953907804e-05 4.573470412926495811e-05 -2.105909742544465585e-06 8.071654037819499478e-07 -1.750897072318845867e-06 6.553766365936399268e-08 2.349693411574223015e-07 -2.294209273362429199e-05
1.341060991749163937e-05 1.581372806660191754e-01 4.712279968381849309e-03 1.533205667406418700e-03 2.499999999999999722e-01 -7.635591196671814851e-03 6.590478701569872817e-03 -1.462494835304303104e-04 -4.748839085195288412e-05 -8.428911119490270384e-06 -9.118925716873431658e-05 2.767556257026980641e-05 -1.501215911647317503e-03
-1.188562510667153490e-05 3.015212398075025821e-03 -6.852349963138419263e-06 -9.894819842953907804e-05 -7.635591196671814851e-03 6.400000000000000307e-03 1.360621102374198050e-04 8.238095514196638088e-05 3.321379332135294781e-05 4.693429541219199739e-05 3.604791488056896965e-05 8.335832924622289320e-05 -3.530814334266362594e-04
-9.981709856952431842e-08 9.933098144781391317e-03 1.212586702761112901e-04 4.573470412926495811e-05 6.590478701569872817e-03 1.360621102374198050e-04 3.999999999999999650e-04 6.318554043924973741e-06 1.008331587167615396e-06 8.881698393351534360e-06 -2.925321183549573553e-07 1.062713135889583041e-05 -1.883895018143482282e-04
-2.048700421778459502e-07 1.164918169730622870e-04 1.630519027056653358e-06 -2.105909742544465585e-06 -1.462494835304303104e-04 8.238095514196638088e-05 6.318554043924972894e-06 4.000000000000000666e-06 1.219263969881691601e-06 1.518570552083600526e-06 1.202522855445841434e-06 2.270978564016080182e-06 3.240557044464185886e-06
-8.095737601407389149e-08 6.072889253976916764e-06 1.326942282637457106e-06 8.071654037819499478e-07 -4.748839085195288412e-05 3.321379332135294781e-05 1.008331587167615608e-06 1.219263969881691601e-06 4.000000000000000666e-06 -1.879907805549273584e-06 7.196963208812828939e-07 1.030811668000687704e-06 1.080930704427408687e-06
-1.445979398285593961e-07 1.984276249105277733e-04 1.846364498640066570e-06 -1.750897072318845867e-06 -8.428911119490270384e-06 4.693429541219199739e-05 8.881698393351534360e-06 1.518570552083600526e-06 -1.879907805549273584e-06 2.500000000000000459e-05 2.090951903098115996e-07 1.607319969689528404e-06 4.026240855163569008e-06
-7.227327974728443592e-08 -1.382479476769693145e-05 5.274967216064313284e-07 6.553766365936399268e-08 -9.118925716873431658e-05 3.604791488056896965e-05 -2.925321183549574083e-07 1.202522855445841434e-06 7.196963208812829998e-07 2.090951903098115996e-07 9.000000000000000228e-06 1.942466407669076240e-06 2.287204690824824603e-07
-1.970712038265245062e-07 2.315949984164358225e-04 4.209436259404331403e-06 2.349693411574223015e-07 2.767556257026980641e-05 8.335832924622289320e-05 1.062713135889583041e-05 2.270978564016079759e-06 1.030811668000687704e-06 1.607319969689528404e-06 1.942466407669076240e-06 2.500000000000000120e-05 -3.465528364283485389e-07
1.473453577030772609e-07 -5.391374343637216765e-03 -1.556733494061950901e-05 -2.294209273362428521e-05 -1.501215911647314468e-03 -3.530814334266355547e-04 -1.883895018143486077e-04 3.240557044464190968e-06 1.080930704427409111e-06 4.026240855163569008e-06 2.287204690824772193e-07 -3.465528364283526152e-07 4.000000000000000192e-04
