# omega_b H0 logA n_s z_reio dcdf_rho_inf dcdf_conv_g A_planck A_act P_act Tcal Ecal m_ncdm
4.878500594364323197e-10 4.308600220621944085e-07 -1.363510992541643255e-08 2.374403185702304311e-08 -4.530432640475829961e-07 7.728345331111269357e-09 1.027597433114401238e-08 3.454624341001630658e-11 6.604017281660728026e-09 -8.848026046568237826e-09 5.568254857542500804e-09 1.631267571556142754e-10 3.916026330969549065e-08
4.308600220621944085e-07 1.926271336160768725e-03 5.202052027367032365e-06 1.048626326295765186e-05 -4.609565997414717588e-04 1.066263112556429624e-05 -3.946407817444641547e-05 3.307987374221557211e-06 8.813953976068495040e-06 -7.017636628416817120e-06 7.370235982393454900e-06 6.726942529160702828e-06 -8.344645539404746043e-06
-1.363510992541643255e-08 5.202052027367032365e-06 2.371115778316080406e-06 -1.841808951999727848e-06 2.957213044876080295e-05 5.606040677983650413e-08 1.191973122478428238e-06 5.765270626547968327e-07 1.278637323295504964e-07 6.124365677389380281e-07 3.483620654539811853e-09 2.291670446027690046e-07 -3.083033991651551949e-07
2.374403185702304311e-08 1.048626326295765186e-05 -1.841808951999727848e-06 2.020468662338356631e-06 -4.166054499303853615e-05 1.901238160347495894e-07 -7.527322004184872462e-07 -2.274601484203361370e-07 3.029862943305414705e-07 -7.127993139311544623e-07 2.496651006474225903e-07 4.695764578056656670e-09 2.321700191128318393e-06
-4.530432640475829961e-07 -4.609565997414717588e-04 2.957213044876080295e-05 -4.166054499303853615e-05 1.538408143338235601e-03 -1.270606796127276867e-05 -2.907522135636354894e-05 -3.685656381270591224e-06 -1.446739930571530247e-05 1.193013256221487499e-05 -8.708998676993561845e-06 -9.226805784884344034e-06 -7.395826546718401438e-05
7.728345331111269357e-09 1.066263112556429624e-05 5.606040677983650413e-08 1.901238160347495894e-07 -1.270606796127276867e-05 5.109133372489048091e-07 2.647364628008723873e-06 1.815222070805034793e-07 1.731080203962237589e-07 9.567748856343937027e-10 1.128488440051772872e-07 9.438950691001072851e-08 7.141424278157488743e-07
1.027597433114401238e-08 -3.946407817444641547e-05 1.191973122478428238e-06 -7.527322004184872462e-07 -2.907522135636354894e-05 2.647364628008723873e-06 2.114503018835983634e-05 9.141400769964911329e-07 1.591539985246075957e-07 6.843470931356064809e-07 1.264572634006659929e-07 1.417728219896115093e-07 2.547065688961606626e-06
3.454624341001630658e-11 3.307987374221557211e-06 5.765270626547968327e-07 -2.274601484203361370e-07 -3.685656381270591224e-06 1.815222070805034793e-07 9.141400769964911329e-07 8.536274749287474830e-07 2.332020809916118612e-07 3.232437847345070056e-08 1.369285957559886395e-07 1.221024314278445395e-07 9.543504115614806984e-07
6.604017281660728026e-09 8.813953976068495040e-06 1.278637323295504964e-07 3.029862943305414705e-07 -1.446739930571530247e-05 1.731080203962237589e-07 1.591539985246075957e-07 2.332020809916118612e-07 2.118750277681891052e-06 -8.661963328337323027e-07 8.549406705127048339e-08 8.789525102713471818e-08 1.543645528530472925e-06
-8.848026046568237826e-09 -7.017636628416817120e-06 6.124365677389380281e-07 -7.127993139311544623e-07 1.193013256221487499e-05 9.567748856343937027e-10 6.843470931356064809e-07 3.232437847345070056e-08 -8.661963328337323027e-07 6.186073613173485736e-06 -3.513483585102264479e-07 1.901152125681100602e-07 -8.227544941462019915e-07
5.568254857542500804e-09 7.370235982393454900e-06 3.483620654539811853e-09 2.496651006474225903e-07 -8.708998676993561845e-06 1.128488440051772872e-07 1.264572634006659929e-07 1.369285957559886395e-07 8.549406705127048339e-08 -3.513483585102264479e-07 5.657065567597534038e-06 4.978655018014393169e-07 8.381150187650417695e-07
1.631267571556142754e-10 6.726942529160702828e-06 2.291670446027690046e-07 4.695764578056656670e-09 -9.226805784884344034e-06 9.438950691001072851e-08 1.417728219896115093e-07 1.221024314278445395e-07 8.789525102713471818e-08 1.901152125681100602e-07 4.978655018014393169e-07 8.805340347452394507e-06 6.547089585655470074e-07
3.916026330969543110e-08 -8.344645539404725715e-06 -3.083033991651551419e-07 2.321700191128316699e-06 -7.395826546718412280e-05 7.141424278157502507e-07 2.547065688961598579e-06 9.543504115614804866e-07 1.543645528530472713e-06 -8.227544941462020973e-07 8.381150187650419812e-07 6.547089585655470074e-07 9.923634793283706544e-06
